file_name: input_10_summary.json
product_name: Kim quất ngọt Đài Loan - 500g
price: 75000
average_positive: 0.9928606152534485
average_negative: 0.001736247562803328
average_neutral: 0.005403115879744291
