file_name: input_6_summary.json
product_name: Nho sữa Hàn Quốc - 1 chùm
price: 699000
average_positive: 0.9928223490715027
average_negative: 0.0016310771461576223
average_neutral: 0.005546685308218002
