file_name: input_12_summary.json
product_name: Việt quất Peru - 125g
price: 109000
average_positive: 0.9863389730453491
average_negative: 0.0022323052398860455
average_neutral: 0.011428753845393658
