file_name: input_9_summary.json
product_name: Cam vàng Mỹ - 1kg
price: 159000
average_positive: 0.9922404289245605
average_negative: 0.002092314651235938
average_neutral: 0.005667240358889103
