file_name: input_16_summary.json
product_name: Giỏ Quả Trái Cây Nhập Khẩu - Cỡ vừa
price: 599000
average_positive: 0.360687792301178
average_negative: 0.21788734197616577
average_neutral: 0.42142486572265625
