file_name: input_1_summary.json
product_name: Quýt Úc - 1kg
price: 179000
average_positive: 0.8360330188879743
average_negative: 0.08205079077742994
average_neutral: 0.08191619363899988
