file_name: input_13_summary.json
product_name: Mây Indo - hàng VIP loại 1 - 1kg
price: 299000
average_positive: 0.9929516911506653
average_negative: 0.0018313125474378467
average_neutral: 0.005216956604272127
